#BPNN PARAM GENERATED AUTOMATICALLY IN 1658631703 SECONDS SINCE JABUARY 1, 1970
#!!DO NOT MODIFY!!
D=11
Q=3
L=1
8.009644
-33.638265
89.434361
-26.308937
189.403584
82.986047
14.274146
45.192128
-98.309164
-60.047368
-93.571322
-70.429012
8.508323
12.230470
-1.015644
-47.880554
57.641996
14.758193
-69.273194
91.649566
149.628971
-22.995489
-300.681250
-426.548220
277.159951
-1.389862
59.035344
-5.753877
-69.868283
48.062282
119.588092
89.474107
-31.149689
6.353981
4.245569
3.549744
4.054672
34.945944
15.559926
11.453934
